¹ 614 11111111 009111011οη.

mm. 105. 100. aas. ⁵47 ..9.
mmm 4²0( ,,
, (6171140601596 neq..
. 'mm ..1 110
2011111587. 599400. ,

. 18101140-5601111800518.

· 00101161.. 1011119101.. 11, ’
'semi-umida« ..0104119 · ,
6111011611516591, ¹ Ι

61180010, Aiax, (851) 18. (001.) 11· (158) 114118. 111581·
’ΜΜᾞΨΜὼΜΜ.

, 5169000.(1“545.) 15. (1545.) 19. (851. 8705181109. (1541 ·
seqq.) 54. (15119.) 54. (1175561. (151 19) 71. (951.)80
(9579985590 1.09 (1518.) 91. (.1176.) 99. (1166.) 146011.

wa. (864. 858546. 008.409.(1084.1091.) 46.(1145. 1166.)
’ 64. (1155.) 91.(148.)91. (1159.) 100. (1147.) 11 ,(1189)
, 156. (1455. 4171091111101111.) 147 . 009ἶ (157.) 541.

(141) 584. (141. 516.) 586. (148.) 545, (106. 116.) 404.

008110011000111. (690.) 18.(1561) 17ζ (1491. 1477.)56.
(1480. 45. (1485.)45. (1495.) 45. (1,86. 105.) 44.
(1575.1564)46.(158,)8ο. (145.)80.(1..88)81 (170.)

, 81. (175) 81. (1494.) 85. (1464, 1448.) 10 6.(1909 (15605
114. (..1464 1468.) 155 009. (1447. 1461.) 154. (1557.
1568.) 167109. (1455. 1470;)170.’(1704.) 148, (885.)

1 278. (6718549, (156515748411009, ,· ,

01647111( Rex. (480.) 26. (1195.) 46. (1560859, (1564571, ᾗ
(1101.) 85. (477) 94. (1550. 1560.) 107. (661. 691.) ’
115, (664. 695.) )1500 seq. (1516 1514.)“.1701(1511.)7177.
(511.) 548( (.684) 584, (765.) 584, (967 ,)584, (1498)·

888· (1114581 „·

.)854191101014800 109.) 10. (1091) 16, (818 1099.) 58. (177.
188.) 47. (1095 ,1099) 48. (858. 865.) 65.(11117.)85.
(184.) 85. ((1111.) 105. (679109,.)104 (7967 180999)
159. ,(1101.) 546. (11116.) 545,

 

