1117111110111101111117. ,

0110111111 1001 01111101 111111111111111111101
1110111111,7

m

’ Aeschylus. Agam. (1129.) 14. (1105.) 17. (420. 405.) 50. (117619

1188.) 45. (995. 1011.) 51 (764. 775)56109 (1550)
81. (1248.)91. (1550. 1155.) 91. (457. 1494.) 94. (1166.)
120. (1599. ’.1418) 154. (1095.) 160. (1095.) 161.(7551
1 745.) 165.(1128. 1148.) 170 109.(1157.1167.) 17 7.
’ (1402.1421.)172119. (1514.145111545.)408.

0110071101701.) 21. (551. 569.) 281 (415. 405.) 45. (578.Ι

59811917.) 45. (1541601017.) 59. (928. 1099.) 68 109.
(609.) 94. (659.) 94. (780. 786.) 11’.8 (71. 80.) 158109.
(8121851.) 159. (45.) 162. (8161) 162. (789.) 1951 (425.
440.) 195. (8071018571) 405 1199. “

Ε1121011. (247.) 42. (850. 1099.) 55. (271.) 94. (10171) 549.
(785.) 1585 (470..)587

Ρ111.(286.)28(282..)28 (921.) 81. (565.) 170. (925. 926. 950.
, 9394176 ,(9251) 194. (905..)194 (ἰη109111111011111. 111656

-111’7.77.1.77. (117711110411515(1111111)4ο1· 1
· 1171701. (1717111177711 (171. 505) ³¹·41 1511)144· ’ . .

(588. 60717165. (472.) 464.

,1 Ι1171111111(711171.(1177777117111711(1.1. 1 ‹ ·

128) 24. (1117 17. (011.) 1.. (111741, (7.1. 7...) 44.
(5124 ⁵0 (·146 49444 551651· 1111151· 4⁵0⁶· 445·

411101ο ⁸04 (5451110151 (97⁵4 84 1111115 (114· “

⁸0444 15 44504124 (1⁸44 1²4· (111 115)158.109.

. 4) Qui lonii 1910 disputationu 1119111111101111110111101, 00111111
. 01711701010111100110101.

4.·

. K l 1
1 ’ 5 “ Ι ¹ Ι 1

1
&4

 

